$ANSIBLE_VAULT;1.1;AES256
34393639626539376537623134353433633332303861646363363933656261323734316631663165
6463373335306433386134373130313063613638393465390a353630393263313765303431643036
62383332666532303938343265323336306637623062323762353530613266316233323336383466
3161323631626634620a636561376234303934616361623966393038346639383437393961366666
61396334636464623364363634343130313262313839636362346434616463663930613362366435
31386563313661643761356466363461303465643638616130653131363237326664623435346665
66613766353835653037363230306562666639356636363731386333336637656231643432366661
34343364636430646532363938323937343562333539313733613538386161646262366439313638
35323866666136313962313263333030616363623035316639343962353464386431643730353734
33383536373661353533383139393338613134316462313932333931366264386337386431393532
32306138356535316265303832666661613462306539613061393039363632393536343266343333
39656532343732666631373530616663663761386262666163386563613134663661653339353563
36373732623363623039373932303935626437386535386562333964386437653638393163353663
64643262626263336565663835373261396663666232366366326333336462313030653234323336
66323861663739653139616336303332616135393435323639396630663231343061613961356531
66323365373464303062336330353164656634366462353832653134633961363364656463393564
61646362323139393566306664336164653430376631366538386362356437313561663864666538
33636233643339386130623936666537313832323863663130323330333232376336306633613561
62303132636231626633663134393334663861666234316335386632613337653735363438656133
65663730393036376537376131366436623738373333643432316532616133646233613862636261
63323361393139333161353662613065656339626433613065633031303832643436386163396132
31373062313062656135323066653338643431303935663462646562363137643334663239353337
39653764353135646336636566353363643163636236316635313262316336303837373662663433
62353162383465343265346238333734356233396264616335363961343038346530313531373761
32613864633137386234646264613331343137653833383236636639346436343335313565376361
39333935363963393663666364383565373130383961666239636236346162643430616636333231
36666364376161363734633236383730306135393565373430363336653664346336393435353037
34366230663236353138333931636538643238613166376263623161386638373438356566353533
62373939636532383065353834386231393962303138316463323039646234616533656463386234
38633763633765623034306161363536393331393364393931626433366337383031326465373432
35393062346462313433633266663865626234326466616164616462663465636333363762613932
38313565326463663134613764363438633162383231383636373662393965316164363139353936
31663836633136633032396563393862663038356432353435366435316238356663303137646565
31343936323034393433643637646134366437323238373662633066626235373636656662393730
64353630373261333765643132386634613132303332343463626239656461366262363137653861
31333634333139633239363930353262346639636234366563373435336634626339323833346531
34373233633563313265373032623861623766376235303961346135646138373035643431343365
61363562393132313137613037323538303137376131366534653033383839633234333530353639
66336332316165393565303362313165316265626130613136333661346631333262366564336432
63643464356162303932303539346330653230653566363834326537666335336463666666343135
61626465393064623034353739343264613066663564313465613163623765353232333464616633
36663965363936663936616564303838333137393937323039373964613762313664373835346165
66353961643239613265366332653665666665376364376662366365336437343066323364316135
36643033353635316464303439376531353435333338366564383065633439393135383635633434
38373730663734616135633765663439643831383631356138633263333461366538383730333838
66336661306166373134346365313137646662323661373065656237366335623662613435653265
30336236633464636130616564333363663531333664623138336161303065346639333030323538
63373630363833363338616636343331393131373832396432303265653437323665666565306336
36643363326337363830396439653438633863303334326632643732646464343539313062353962
38623433333237373764356464666366653731663434353035626633626132616561383139316635
36376334353433346261323163373237336134356439363434303032333764653833333339646363
31356431633738366464313962653365306164613438633238353363633866333161303632306464
36343065383566363963613339656131393134346636323235303865626230356164373137383934
38646135373937376533306139656461316635356237383461633437333532636462353635666631
66303135313161616636306366666135346161323539643065363330623934656566376662656130
33633564393732353739313533353665323737386236323163626637313239393961393761356337
31656239663334343334376333623665653335393665346561346132623463363236623234396466
39656366636434633365643762363931636337396666306165646336373966656533626530623831
39633439346262343339306237666431653962383834396436346337346637343035343333656261
34626365343362333163363639643538663337323236363136316164616339633435636665306538
32623761343032313938353636633737613562613131356633313138366432313234393538613938
30333239623533323636373735393865376166313339336339643465613036346162343936343536
66646263393966663830306138643336636531366164623566343932363061323365303361646533
39313236383164333365343238383034666461383338313535356264303031303664346265333335
38353433613162326561343334333166326536323737666438656130313163363130613364613465
31373936623733613233396236623865336566613665646263646464663539623436313439633830
38366435383462373134373431623736366437646563303863613535333664306535343965343931
32333135336530313433346637363430653366623431613561383731383464613330623235346530
32323630343836323464373933393131386636373538323335636331356662366537333365336130
61346538366439633531623766643238383139306461613435333238356562636532376235326138
38626231663562623437343261316431363331626630313832393134336330666464313861666535
34343062306338393136653532333932613336363163393339656630653635393139336530313964
39336137383562386465373430396532663562386362616636616434393065666334313531363864
62623965393764623330666230383433663033666362383731653961393332336231353831613866
66613261303837303839393566666236326134366131626431343564366130336362313537356239
33313065336462356662396565386138356664366231393535623533363861656239386165616636
61336261326132613237663765643939663661363133613261396132393739326536306331393666
35653539613536303762346164633365353530313838323961323266376165346132313563636465
64353564376636393230326466306334313037393632313363366139346537623633363536623061
62346230373864323139373064333535383161303336396133303266393439356631363035353262
35626531653439623133356363393939316131633638643435356538386366376437663435373031
64643339363665623461323337343131653135366664343662633462326537626163303865313138
62653831366661623236653034303436333030663434643039363939666664393163613836386438
65396166633165393932383132313461313132646630616638326237393361623739313536343432
65636532303461386433303466336234373232656161363764396132353932396534386164313036
36326330393366656137323861666632313839616634383365373365306261353836373538313933
33323963363534623465373230396331653764313835633561626633653633356662613738353265
63373337653761356232643962393639353235326638366161653136393536666338383265376163
63313431663037306165626431313661633864333964343666623435616632383166373663623436
34373561623266643839653861616139383666326234353137636530383933646137366432653065
31386438656536316132386635386161303865633936366330383435363332383339663463666361
39366335306361613130363837633163303232313734373834366161633462333638663437626161
30326264363430643764616163316435313062366235626438366532633864663031323839316436
66373464366238613461396361353338353537323838653132333761663031393863316136636632
38313030333835663461356338633166346235393766363432633732366638373433396162386262
66666238366434333735616132383330653239643661656439316133653439336163383032336336
66633566396665316634343739646131333661346135656232346637343966346462396266616662
32366534623133316361646161303165616464663565376339643536396439356338356331376232
30313836336164356539336563333834363432643137346435323463393832343162306138303465
34616638333633373266636137393030373834616364383262373566316233623736623735643064
38386533666566633866363436346165633235343362373835376166653565383237646562333031
35626235363631323161353830303763376262393262613339373830633338316337363464653031
62323161326161666462336433666233363565643837323439653661396231633137356234343239
38623632653135396663316632623965663666313734356636393363313132366531316134323434
61666333333761343336626564653130616161623134616639306430666635643931643031646265
33306133366437356162353732613134303734333235363466653339353639353330616464333437
33376464653632313164313039626330316430636439646136653161366636373966343835653165
39306435653132616263633264363238326632396164366233386563303865646531303262383035
65373264326136353838363664333866636363306434323863366364633633396639393639666262
64386235316532363232306437653433343836353837313261636264633431313532303235373838
32303566343561643930333832373336633061313433383336643632353439383739383838653138
63343330326635623535383761636462346538613632636361663366323563323461343936616363
30636434653965336433326231613531616665656565623530313038366564336635363964623736
35613938383031653966356439316239666361383866646139333662376430646166383338313836
62653233343163343432383761363365373733333763343266623863386431316331656164306438
35643661323066613331653235343061363633626664366330353063623462653766333131323138
61663632353663306630353366333032643232343966336635363233353533633661383566626537
38396533393239383466356162373834326134373238666637613630393636323762646166363861
61653364366637633737653930376337313739613265303933613937613037363335373662323031
63666433366538363531626362656431653534303065656330646364626236353532313034343134
30613662303135323561383561326236353233396131643632663733666234366364383337643165
37643734626637353363373534343730383438376636616265666635316234393934636630633239
63383964356432343062623732373235336332363763626562386261653934383633396132396539
33323166363538373761623633666435663437616337643637626330336164383966306464633930
64613534626566346465316333303532623130643239356561363932333830363861616531653239
66623437623565346430363232633463323634333235356535383232376231393730313434386432
36396462306366393561326438663135323031316531316632646438323330343037366165363033
31316664643966363736333738336661333338643735316165383761393738633462633762393638
34383561333731356632653635393134653637343536333937663537646266663835636161616239
31623532636332623034653434646261646431373337376332343335326237326164623862313335
35373062353338623336313130373737383765656532383330643936626362303535646136636138
64363930336435303338363837326262326535313563316135636438376265346131386135643938
61386233313031623439303038303136303736363761303733663335373330666366633965653935
32633065656163306130613037626430666131616161616137633438363839383266313133336636
33393863353831393332373630646362616231643235383235306136383531366465663233663039
30633938383165353737626539633465646336376434666136323334336332623033393634373531
63346433336639626364316639306132393339663964313736373761643064373835313231373038
65333837646161623630336431613362313034633634646262623537346238653332333661306335
39323531656632386564613238373733663730366564626637393631353961663831316563313432
33343431343039353136653063366334346437306565363566306333303662363837636361633133
37373363376639396339636632303737326363616434373832313865646166366461646163633865
66323935663061383933383534386266616638356235363832363061393132323238643833623266
66663965373038616463343962356262653365323439303265666361376434363965386464663862
31306530323064656535336230663436346563343233346238346530383338306265383663646566
35663162643837313839366236343764353165333865653137326334306566323237323662303732
33366263326335623936396634633132663135323932323533353464633662323665383237386162
37383262356463653935643433386635633936666461633861636432363139626535333337323166
33333366343538353034323138613034633330313038316538356435653732383732623163643661
64396333646361333864313234323233343463303035333232363263396636633738313237643739
36313763616463373466303136356336623535366261323665366332666136323263343935316436
31376665383434303333313837363339353637643133653863663064636161353634323865353364
39616564373834643034376532333761646336333862343633393961373832336462633035343063
62366436306163666135306261306232653162346264663865323832373533396230653132366538
36343465343831353430333833326639633261353739313666633438343138636239366137373632
33336434373761343434373932363331353136333136353530386136633935613466656134323233
38356263643365643634316164303565646233653063316431396661316561663032663934666565
62653763333330646664656466666163343237643938376530303062333562333832616532386431
62346364346462323534323533623965316632323038353530613438316466636134363736306439
31663834306562616232366461396662323163373434643038613533613734386435653361356535
63633939326539336136303634633739346534323336303136643163613064303832323338653065
63303932663435366537313539663936343834383563323065623236323935373462383637323838
37363166363632353138336336313832363738316464343932653038366266376339643236313736
34616432666131613165356136346338633938643630346532626166333336343464386130393539
35396564613861363261386536363865363938613565616236383838336331373161366665663535
66646261633466333562646665666539316331643234346232643038393237323863623565356266
37393735316630313863666435643738396364633036656430623939356633643961346639613232
35613732613135333133373061646665336637383937626265646238326638346661663463346639
36333338393038613038326234633163323930383230363261653239333434636265333535326261
32383665636332323661393335316537636161353162316263363539326562313635356131613931
66346232356333303631323034303261366663333565316531313239353835653263383338363435
61643363616134613138376132383761626537343532663965666539326362646631316633303436
31353338633230316334346165363565333765323130643733643437626639666437336237666638
66623036663434303730303138616663613863336637386536666132376430613231
